1111111( i. 45-ii. 111

11111111 11 1111111111 51111111 1111 111) 11 11111]
11115511 1111111511 1111111111 11111111
111115 1111111111511115 11111111111111111 ⁴

adeum 1111113111 11111111 11111111

111 1ο (1115 21111111111 ÷ (1 11111111 111 (ᾖ 1111

1111111 111111 111 1111 1111111 11111 1111111

V 1111ᾶ111;111111151111113ᾶ11111111111 ’
115 111 eum 1111111111111 1 1111· 11115 11111 .
1111 Ἡ cums] 1155111 eum 1111 1111111 f> 111

’ ba 1111111111 Tecum (sic) ub1 1111 11 1111111

1111115 5111115111 5111111111 (11111

1111111115 11111111 56111 11115111 11 1111 fids}

111on 1111111111111 11111111111111111111 111
1111111 66111111 11111 (11111 (1151111115 5111111]
115 11 1151111115 1111111111 5115 7(11111 hie 511
111111111115111111 11115 1111 (11111111 111
111111551 51115 (15 Β(111 511111151111 1111 1111
511 Q 511 1151111111 1111151 (11 11115 (1111 15 ,
11115111151111111111151115 111111 ÷ 111111
(111111 1111111111 (111111111111111 1111111 11ἂ
11111111 Tolle 3RauaTTfl 1111 11 ambula 1⁰ 11Ι
5111115 11 q 11115111111 1111111 1111 111111115 i
111 (1111111111 1111111 [1311 1111111111 111111
(1111 11111 5111111111 Tuum 1111111 11 (111111
Tuam ¹²& 5111111 1111 5111111511] 1111111 5

1111111 111111 1111 11111111 111111111111[1111]

1 1111115 (111111111111111 (1111 1111111115

1 1111111111111. 26.

 

