1111111. 10351 . ’ p. 168

1TeRum 0101110 6501101010 00 1111001010 me 00 10 pecca ι
00 1101001100101 111110 (vid.) 0101101100οο fi powesmv
11001110 2210000001 011 1111101 1001101100 (sic) 1511011001

. 1000110100 0000010000 q 110 050 111110 1100 fi po
000010 11001110 ’0101110100 011 1111101 1001101100 011 ¹
1111111 1000110100 001000111ου10 1111050 uado uos
non poTesns 11001110 Ἥ 11100000 010 uos 11001011 (sic)
00010 050 (1001111010 01110 uos (1001110110 11 00010 650
fi sum 110 fi mundo 211111110111110010 [q] 10011100110110
11000000 110 ²⁵ (11000000 01101 1101 ÷' 111 10 1110 11111001
1111101 11 00 101111011110010 261011100010οο (10110010 10111
0011111100110 0 11111 1010010 010 1101101 ÷ ἃ 050 11011111
111 1100001111) 1101111011 1010110110 ²⁷ 00 0050011011 111110 paz·
11010 010 11100000 28’01110 011010 10101000010011011101011
111110 00101010 01 00500000010 11050 sum ἃ 1110011100 - ’
1111111 111010 0010110 11001110 100 1101 11 [111111] 10111101 ²⁹ 01111
100 1010010100011 ÷ 00 fi 1011011010 010 00111 q 050 q 1110

0100 01 0110010 0010113011”1110 1011110000 1011101 0110011 ,

1110111 1001101 3111100000 011 1110 011000 11111 0101110110111 “

0111111000 01110010010001101010110101001111) meo 110110
(1100111111 1001 0111110 ³2 00 005000000101101110010111 §Une Ι

111000 1100101110 1100 33100110 01 1111101 001000 00110000

01110110 00 0010101 0011000110 1101111111 11010 011 111010
(1111100111011.)0111010 3411ἕο 0101110 (101011 01000 11100 110010 ¹
q 001010 11111 11010 11000οΤ11 00111110 ÷ 11000001 ³⁵ 00111110

11 fi 100000 11111011111 10010101 111111 (111) 1100101010 010000

 

