11111111. 111-341 ,

1111111111] 1111151111 1165 11 151 unum ueRbfl (111111
1111111 64151 1111115 1111111 11111 111151111 111 11
11111 25111111151111111111111115111111111111 (1111111 11
111 1111111111 1111 11 1151111111 111111 se' (11111111 2⁶ 51
1111111111115 de 11111, (11111 111111 111 111 1“1 1111111511
1111111 Si (1111111115 11111111111111111111115 1111111115
[111111 1111111111 1111111111 1 111111 271111111111115 111 1111

(111111151111115 (11111115 1113 nec e5o 1111115 111111 111 (1

[1111151111 111 11111 28(1111111111115111111 homo qmda

1111111111 duos fih 115 111111111115 111 11111111 ’
[11111111111111111111 11111 mm 11111 1111 2911111 11 (11
11111111111111111111 30(11115511111111111111(115111
1111111 1111111 nolo 11 111111 1111111111 12ducT
OEbnT 11 111111 31[1115 eR5o exduob: 11111 1111111111
Tem 111115 (11111111 1111551111 (11 11115 1115
(nmen (1111111115 q 1111111111 11 1111111115 1
1111111111 uos 11 11151111 di 321111111 1111111115 111
111115 1111111 1115111111 11 11 1111111111 1111111111
111 11 ,11 1111111111 1111111111 11 Uos 11 1111111115
11111111111111 1515115 q> 1111111115 11 111111
³³ (13111 1111111111 11111111 111111 1111111 11111111
115 111 1111111111111115 ἃ sepem 1111111 (111111 11 ’
1111 11111 111 11 11111111 11 1111111111 1111111 1111
1111 11111 1111111511 11511 ,11111115 ÷ 31611 11 111
111111115511 1111111 Tempus 1115511 1111111 suos

⁴ ad colonos 111 1111111111 (1111111111 suis ³⁵ [eT]

1 Hoc 1111 apparently 11 first. Under 1 11151 111 1151111111111111111111
either side os 11111111, 1111111111111 (111, 11111111 so (11111111 1111111111111111 1111

previous verse,

 

