1111161. 23l24—37]

1111111516 24ρ651 1165 11 11165 6611661111 611

1611116111 11161 6115 61 6611161161 se 111611

5111 (11616115 2556111116 6 516 16611 1111111 (11·15

111 cheb: qu1b: 165 pem 6116116 6116111111

meum 1111 1161111165 ²⁸ IN 11161156 11 561116 nus: ¹
÷ 56111161 6ᾶό 1661111616111561111666111111 ’

6161 1161616111 27(1311111151116111 1115 1161156111

1116 Cux Iso 61161 1656611 1161161111 (16111161

1111 1111511115 11161116 286111151165 515 61156115

adeam [11111616 5116116 616116 11115 16611

1166611616 11 111 1611161116 19ῇ 611111 11115561 (sic)

TuRbaTa ÷ 1656116616 6115 61 6651161161 qua

hs 65561 1516 561116116 306) 611 61 61156115

Ne 11111165 11161116 1141611511 611 (sic) 5116116 af)

11111 316666 6616165 111116 61 661165 111111 6116
661115 1111 6111111 32111616111111163111 61 11111 6111
† slm: 16661111 Gn (161111 1111 (11·15 d& sedem 1111
6611115 6 61 165116 111 11111616 1166611 11161111
336111631116 116111 111115 31’011 11 11161116 61161156
111 611161161151111 11111 1111 6651161166 356) 1165 611
5611 61 di 61 sps 565 5111611161 11116 61 1111115
611155111161111111111611111111 Ideo q: 16 1666161666)
61116 56111 1666111111 fil: 111 Ἥ 6666611161)

¹ 6116656616116 Gn 1656 (sic) 66116661111111
1656116616 516 ἃ 1116 11166515 ÷ sex's: 1111 q:·

16661 51611115 3761161111 1666551116 as)

† Altisimus 1116161616, But see verse 76 further 611,

 

