Mate xix. 06111181

1101010100 11010111111110111 peTRus 111 0111011101
0111 001111 0000 001 1011000001 01110 01 1001111 00
mus 10 ²⁵ 1111 11 dR 011 (110011 11100 001111 q uos qul
100001101111100105011010110110 1110 cfl 10110

101 1111111 1100111111 1111001011οΤ0 sua 10110111 “

111 01 1101 sup 1111111111 1111 21610011111 qm Re

hnq2R1T domum 1 ’11011010011010101

0111 10011010 00111101 0111051101 appe

nomen 111111 0001011111 00011101105000010 Ἰ

. 1110 (30 0110111 00101001 1111111010 ³⁰ Mul
1111 11 01001 [111101 0011110001 01 0011111111011
1111101 111151011100 11 10500111 00010111 1101111
11111 100111 1011111101 qul 01111 0111110 mane
[cond]uceRe 01101101 10 messem 100111 ²Con
000110001110010 011111 0100101101 (sic 001 01 11100110
11111100 11111011 11101111 0 11110 6105101100
11111111003 ἃ 05101101101100 11010111 1110111 01
[11111011 111101 101 11011101 1111010 0110101401
1111111 1111 110 01 001 111111111οἵ mee 01 quod ms

Ἰ 1111111 11110111 dabo 1101111 50311 11 01110111 11111

111011110 1100 11010111 nonam 01 10011 10111
11110116 01100 0011001 1100110111 61111 11111 01111
1000111011101 1100101 GU 111 11111 1101111110
110111 10110101 1010 1110111100οΤ 01 111 nen}

1101 000110111 011 11111 110 0111010010 me

1011018 (10111010 11 10011110010100110101 111 dns 01010

 

