1113111 xiv. 21-35] ,

¹ 11111111. · 31333 1133 11311111 1111 1.1111111 Ι11311113

111331331131313313113113113121111111

3111113311111113 333111111131311 31 T 11131313
113511 31 (131111 313 ἃ 3113111113 h ÷ eoRpus
111111 22 31 33331113 331133 3131133 1131111313 (ᾗ 111
11311 3111113 3113 243131111113113 ÷ san5u1s 113113
[113111 133131131111 (1111113113 3111111112 25 311311 31130
1131113 11 11 11 1111111113 11113 3311111113 31113 usq:
11 111311 11111 31111 1111131 11113113111111113513 di ²⁶&
fmno 111313 3113111111 1131131131111311 2711311
11113 313 1133 333131311311111 1111313 13313

, (1331111111 ÷ 11311113111133131131131153111111 ‚
31133 21 311033 (113311331313 1133111 1133 1113311111

22 [1131111113 11 3111111 ἃ 31 31113 3331113111311 1113111

[1 fl 333] ³⁰& 311111 11111 3113113113311111 11 Tu hod1e m

’ [1311311331]1153111113131311333311131353
[11111133 32111111331111111 3111131 (131 3113111113
[3 [11 1113 311111 13311331111111113 1353113 31 1111 111131
31131133113113 2611131111 11111111 1111113111 1105e
[3113113111 31 311 (1331113113 31113 3311113 1113
donec 33111 (sic) 3331 3113111311 113111, 31 13331111 31 1ο
,1311133311 31 3331111 1131111113 3133113113 22 31 3 ’
[11] 11113 11113113 ÷ 3111131133 usq: admoR
Tem s:T1neTe 1113 (1111511313 25313133331331113

111111 11333111 3111111311 3131131111 11131 113111 1133

 

