1111111111. 111-36]

’ 6]“1631311136116513 Tunc q¹ 1111116116 31 1115111113 111
11611363 1163 6] sup 366311 111113 66116163 1116161111 1166 '¹

Ἰ 11316613 1133611113 q¹d dedomusua 1⁶(5Uq1 lna5R0 -
6113 fi 1666136116316 361161666331111611311 31111

17116611 6115111313 63 113311613113 11111113 611613 ,

18014336 11 113 11 1163 11156 fia 1161116 19611 11 111
63 1111 311111113161163 311163 quales 111611 6[11 1]

111316 6161311166 q 66116116113 usq: 11111661 [11]

6113 ²⁰ 63 111331 1161133363 (1113 61163 11 11113[363]

salua 61111113 6316 S ,ppffi 6166363 q⁰s ele51T
1116616113 61163 116] 31 611113 uobis 61116113 66[6]6 [1116]
÷ xps 6666 11116116 61661611313 22 6111156113 11 [366]
11611ῖ11 63 366616 111636 63 6161111113 315111 63 116[13611]
Ta 6613611166111163 3111611 11636 6311616636[3]

231163 6111161636 6666 §din u0b1s offla 245 111 1[1113]
611613 [131111111316136111 11111 663163111311[1 361 63 Ρ]
1616111313111611 31111111 256] 336116 63616113 616 [61616]

¹ Gn 1111311363 66101, 651116161311113 ²⁶60 fc 11111[611]
11113 111111 1161111113 116111611Τέ 1116111113 63611 [611]
11113636 11111136 63 516116 Ἥ 11113363 61156163
suos 63 6516561113 6166363 31163 11 111163[1161]

, 11611313 6331111161161136] 661311 11111 63[611]

²⁸ oefico 11 61136136 [1311133111 ἓ1ΐ1 Ram: 3 [361161]

¹ 1116113 GU 1111311 1116113 16113 66516366313 q [111]

11311116 ‘²⁹³ 313 631633613 3011311611 61166 uobis [6[ ]

fi 3161131113 5611613316 11 6161166 omma [13311 fi] ⁸

 

