1111111. 16-19]

[ua bona] opeRa 1Τ 1151113111 111111 111111 111 313
[hs ÷] 1111111113 111113 11111311 3111313 135311 111 pR ·
[ofeaTas] 111311 3311313 sed admpleRe 11 (11131 qmppe
[11133] 131113 donec 11113311 31311 31111 1311111111

¹ [111 1113] 1131111111111353 313133 3111111 11111
1111111131] 3311311Τ111111 demandans 13113 11111113
[31 1113131111 313 omnes 1111111113 1331111111 13513 31313

1111111110 11131 R 1111113 111331 1111111131111111311111 111

[1113 11111] 3311111111 3111111133331 11 1111311111)

[1351111 311311111111311113113 1111111311311 11111113
{R 3331]11331111331111131111311 1331113111 1313 3111 11 1111313 ’
11[351 11] (1130 131113 q 311113 1111111331111 111111 suo 13

13 3111 53311313 15113 qm 11 1113111 111111 313 113111
1313 3111 coemo qm 11 11113111 111113 1313 3111 53311313
1111113] 31 31 3113113 1131131111 11111113 31 111 13311
[111113] 113113 q 1111 1113 1111131 11111111 11113131 13
1113111113 1111 113113 1111 1113 11111331 11113 p¹1 13131111 l
Re [11111113 31 T} 131133 31113113 monus 111 113313
[1133111313 1113131113113 3111 dum 33 11111 31133 113
10113 11111111 111131311113 11111311 61 ludex Τ1111
1Τ 13 111113Τ1ο 31 11 3111331311 111111113 11111131 (11311
1“1 31133 11113 donec Reddas 1011331113 (11131111Τέ
11111113113 qma 1113111 ÷ 1111111311113311113113 11653
1111133 13113 q omms 111111311111111311 ad concu
11333111131111111 1133111113 ÷ 1133113313 11 quod 31
1311113 1113 11311 3311111111 Τό 31113 3111 311)
13331 1113 13 3113111111 1111 11 [131111 111 1113

1131111311 11311 11113111 311113 111 311 111 15]

 

