Matt. 11111, 22-35]

1 11111111155611 11165 1111 1501105561 011115 001[0 sed]

001 6166105 1161101111 11165 1111 ²³ Tunc s1quhs uo]

b1s 11116111 6006111 6666 11111 101116 61611616 24511]
1156111 11560110 xp} 61 560110 01616 (h 1101111111 511500]
110510 61 ,0111510 110 11 11161101611 1111100111 51 1610]
0016 6111 61601125 6006 011111 10111526 51111116111110115 -
600611111656110 ÷ Nohhe 61611616 27510111111111501 Δ
61111 0101161116 61 0001161 11510 10 0061116111 110
6111 0111611115 11111 110111115 281111116111 0010115
11110 0516501111 010116 2⁹ 51011 11 00 111111011011
1116111 1110111561 0150110111111 61 luna 11 1111111
11116151110 (ᾗ) 516116 0011611 11601610 (ᾗ) 11111
11165 0161011111 65110061111 ³⁰ GU 16 1001161111
515111 filu 110111115 11100610 61 10116110111111 s& ohhs]
11111 116- 611111611111111111 1101111115 16116111]
111 1011111 00611 cum 11111116 1111110 61 111165[1116]
3161111161 0156105 suos 0111 11006 1111501 Gn 0[ Ἴ
50111111 6166105 51105 0101011101 1151115 0611101011]
15511115 60610111 usq: 0111111105 6011- 3110111060611111]
11111611 1165016116 61 1611016 capud 1011 1111010101]
1611611110 165110 ³2 oeb 0111016 11 101 11150116 [0010] .
11111 611111 10111115 0 161161 116111 ἃ 10110 1101[011]
61111 6051050115 006 e} aesm& ³³ 510 61 1101115 6111111]
1111611115 11 ono—a 5011016 qh 006 ÷ 1011115 3410111]

611 11100 110115 10111 1111111 5616111110 fi 110166 111111 [111

’35 006111 61111 1101511111 1161110 11 mea 1 0111111111]

1 10111101 reads 11, Abbot h‘. MS. enim, but the cross 01 the symbol does 101
look original.

1, 1011101 would have omnia, but there does not seem 10011 101 11, and still less
1011011110 100 (61611111111161 offla fi) 01 11111011. MS. to-day shows no hace
except perhaps 1116100 01 the fi.

 

