1111111117-11] ’ v 'p 5

1111111111 111111111111111111 1111111111 =
111 111111 11111111 1111111 1111111 1111111 11 xiii. 8
111111·111111·1·1111(1·11-1111(1·111-1111111111 11
111 1111111111 111111111ᾶ11111111111 1111111111
‚ (111111 11 (111 11 1111111111 1111111 111 11 qul 111 111
. 11111 q uos 1111111 ÷ nosse 1111111 11311 111111 - 11111
11 1111111111 11111 1 1111111 (11111 11 11 1111111111 q¹
11 11111111 11 q 1111111111111111 1111111 11111111
111 111111 111 1111111111 111 11111111 11 1111111111

1·1 11111111 Neq: 1111115111 11111 admpleReTuR 111 p

111111 111111 · 11111111 1111111 11111111 11111111
- 1151111111111111111111111111 111111111111 11 ΙΝ
1111111111 ÷ 111111111111111111 111111
. 1111 511111 1111111 (ᾗ 1111111 11111111111
’ 41111 1111111111 111111 11111111 11111111 11
1111111 11111111 1111115111 1111111111 1111
nem eos 11ᾗῖ 11111111 11111 1111111111 (30 11111
11 q:- audmnT 11 (111111 qmppe (1111 uobis q
111111 11111 11 11111 111111111111111111 11 11111111
11 1111111111 11 1111111 Q 111 11111111 11 1 1111111]
11 111111 11 1111111 11111111 1111111111 110111
1111 1111111111 11111111, 11511 1111 1111111311 111111 mal
[1511111 11 1111111 1111111111 ÷ 111 1111111111 ÷ qm
[1]1111 111 1111111111 ÷ 11111 11 11111 1111111
1111111111 ÷ 1111 ÷ 11111111111111 GU 1111111 111 gau

dm 1111111 111111 11 Non 1111111 ,11 mse 1111111111 11111

 

