11111. 1. 11-1, 1]

111111 111 1111 1111 11111 (11 1111111111 11111 1 111

1111111 11111111 1111 quam 11111111111111111111

1111111 habens desp'u 111 1911111111111111 cum 111 ho
11111 1111111 11 11111 eam 1111111111 uo 1111 11111111
1111111111 1111 1011 1111111 1151111111 ecce 1111111111
131111111111111111111111 1111111111 1111111111 11111111 v

1111111 1111111111 11111111 1111111 111131 111 q 11 111
[1111111111111 111111 1111 211111111 11 1111111 11 1ο 1

1111111 1111 11 11111 11111 11 1111111 111111 popum 111

111 11111111 1111 ²² hoc 11 ToTu facTss÷ 11 1111111111
, [111111111111111116111111111111111 1111111 236111
111151 11111 1111111111 GU 1111111111 110 1 1111111111 Q

[÷] 1nTpTaT11m nob1scum 111 24611115111111111111

a somno fec1T 11111 1111111 11 angelus 1111 ἃ 11

[1111111 11111111 11115111 sua ²⁵ GU 1“1 1115111 111111 eam
donec pepeRlT fihfl sufi 1111511111 1111111111
111111 1111ῖ1ῑῑ-Ῑς111 1111111 11111 1111 1111111111 111111

11111 111111 1111111111 11511 111111 ecce ma51 111 11111111

[1111111111 11111111111111 (vid.) 21111111111111 ÷ 1111 111111 ÷

[11111 1111111111 1111111111 1 111111 1 1111111111
1111 11111111 11111111 111 3(1311111111 11 1111111111 111
1111111111 ÷ 111111111111111111111111 460 ο
1511151111 omnes pT1nc1pes 1111111111 11 1111
111111 popuh SclsclTabaTUR 1111151111 111111 111

, 11111 11111111 11111111 51131 1111 111111 1111111111 11111

81111 scR1pT111n ÷ 11111111 6eT 11 11111111 1111111111

[1111111111 11111111 11 111111111111 111111 111 11 111

1111111111 qu1 1151111111 11111111111111 7111111111111

ii

 

