1111111111. 1—17] ,

[0]51l1fi 1111111111 1111111 1111111111 1111111111

“ = 1111111111 11 1111111111) 11111110 11111111111111 (11111
111 11 1111111111 111111 Ἠ 1111131111 111 pf
laT: 11111 Rex 1111111111, 111111 1111 111 1111 111 (11111

¹ ³5 111111111111 1111111111111 1111111111 1111111
111 41111111 11 11111111 1111131111 111 (11111111 ἦ
1111111111 11111 111111 1111111111 11 11111111
,1111 5111111111111111111111 111111111111111111(111)11
111; ιὶ(11111111 1111111111111111111111 111111 (1 fl
1111111111 1111111111 eRaTls T* 1111111 11 11
1111 1111111111 11111111 11111111 1111 111 11111111
T: q¹ 1111111111111 11111111111111111111 16( 111
111111111111 11111111 111111 11131111 111111 1111
1111111111111 91111111111 111 11 (1111111111 d]
1111111111 11151 111111111111111111 11 §p 111111 ,
1111 1111111111 111 111111111111111 11(31111111
111 11 1111111111 1111111111 1111511 1111111111

« 1111111111 111 1111111 11 1111 RES 111 11111 qmd 11 ’
11111111 111 1111111151 1111111111 1³ OET 1111 1111 111
1111111111 1111111151 111 ³4 pflaT: 11111 (11111111
1111111111111111111111151111111111)
11111 111111111131(1)11115 (1111 1111111111 pop
(11110 1111111111 (11111111111111111111111111111

(11( 1111111111 1 1111 (11))11111511111111111111111111

’ (1511116111111111111111111111111111111111

(1111111111 1111111111 11111111 11111111 1⁷ 1111111111

 

