1111111111. 19—32}

[m 1101111111) 5111 Q 1111111 11 »11111 1111 111

s [11011] 1111311111 11 1101111111 11111 1111111111
11 111 11111115 1 11ᾶ1111111 111 1111 51111111 111511
mab Re5nu1n di 1131111111 ÷ 1111111111 q> 11
11011111 1111111111 1151011111 111 1111111 (111)
51115 111111 101111 1111111111111011 11ᾶ
11111111 1111 (1111111115 11 1151111111111115
11 11 11111115 111 1111115111 11 (11111 1111 111111
- 1115101111151111151111111111110511111 =

1111105 11 00111111111 11111111 (1111511111 (111111)
1105111111 1110 uobis 11111111 (11111 1111111111 11

¹ fi (10111111 11011111 11111111111 0111111115
Gn 1111551111 1115111 1111011115 10115 511 ’
111 11 01115111 1115111 1111 11111 nohis ἃ
1115 11111 1101115 1115110 uos unde 15115 1111111
1111 ame offis 1111111111111111111111

1111111 (111) 1111111111 11 51111011 1111111111 011111
11111115 11111111 (111) 111551111111011 11 0111511
111115 di m Re5no 11 Uos 11 11111111 101115

11 Gn 1111111111 111 0111[1]1111 110111111111 GU ab
aqussone 11 1115111 ἃ 115111111111 111 1115

110 di ³⁰ 11 1111 51 1101115511111 qm 1111 0111111 (111) 11
51 [111111 11111 1011351111 11 Π( 1051 11111 11
115111111111111 1111111 111 1111155115 11111115]

1111 1111 ἃ 11111 111111 1111011511 111111 11

111111 3111· 111 11115 111 11 111111 111111 (111) 1111 1111

 

