1111111111. 34⁴³&st 2]

1111 111 11151 1115111 11 (ᾗ nemo 11 1111111111
11111511115ᾶ 111 1111 1111111111 1111111111111
1111111 1111 111 1111 e} 1111111 11 36111111
¹ 1111 111111 111 »01111 111 111 meo sede 11

111111 mess 111111111111111111 (sic) 1111 1111111
11 11111111, ³⁷1pse 1111 11 11 1111 11 unde ÷
fih: 111 111111 111111 (sic) 11 1111111 11111111 3861111111

· 111111111111111111011111111111111 q¹ uo Ἴ
11111 11111111 1111111111 1111111111 11 1111 ³⁹1
plumis 1111111111 111111 1111131511 GU p¹
mos 1111111111 11111111 40(11111111111 do
111111111111111111 11111111 1111111111 hu 11
1111111 1111111 1111111 416] 1111111 1111 11111151
1111111111 1111111111 qxfio 111111 11111111
111115111111111 11 1111111 1111115 11111111

⁴ 111111 4201111 11111111 11 11111 1111111111
1111111 duo 11111111 ÷ quadRans Ἔα
'uocans 1111111111 suos 11111111 OEmend [sic] y
1ο uobis qffi 11111 fi paupcula plus 11111111
1111111 qm 1111111115111111111111 ⁴¹4 (1111
11 111 1111111111 11111 11111111 1 1111111111 ’
111 1111 1 11111111 1111111 111111 11111 111
11111ᾶῶ 1511111111 1111111111 111 1111 un: 11 11111  -
pulis 1111 1115111 111111 (1111111 1111

111 11 quahs 1111111111 Ἠ 1111 1111 111

1111 111111111 111511 1111111111 11111 sup

 

