1111111111. 2'5—38]

1111111 1113313111 moRT: 3111111 11 1311313 m
1111 a 3131111111 1111111131 3111131111 ²⁷& 31111
11113113311111311111 (1133111111 a 3331311 111
13511111 311 113 113 1 1131111111 133313 11111
1131311 11113 11 531 11111111 11313 3111311331 11
31111313 31 13111113 29(5511113 pfecn 111511
3111311111 5111111 133 13131111 (lq 331113
³⁰ (1333111111 11 (1133111133 suos 31 (1131111111
11113 1111 1111113 1111111113 11113311 11111 ho
1111111131 1133111311 311 (ᾗ) 333131 11111113
1133111531 ³1aT 1111 15101111111131111111 3111
11311111 311 1111115113 ³² 31 11311111 3113111
fi (1113111311333311111113511111 eos q¹d
11111111311111113 ³³ (ΕΤ 1113 (sic) 1133113111 3131134
111 33’ 1111111 1113311111111313 311 1113111
1111131 346] 1333311313 11311111 111 31 111 11
113 'css 111111 p¹:m e} 3111 3111111111 nom 331
m: Q 11111 111 111 11131 ³⁵50 1331111313 111131,
31111111 31111 1113111 1ο 3311111331111311 331 ’
111 11113 31311113 1111311111 ex 11111113311111131
13 1331113111 11113 meo me 11331111 ἃ q
q¹Cq1ffle 3311111111113313191115 611 q¹ me
1113311 3ἵ11331 11111311111113 (1131 1313 1115131
1111111111 111311111111311131113111 demo = “

111 qul 11 3311111 nos 31 1111111111 311 381111 11

 

